0.02 9.13133e-10  0.00147303
0.04 2.02999e-09  0.00509201
0.06 1.86137e-08  0.0104038
0.08 3.9232e-08  0.0171668
0.1 5.52227e-08  0.0252125
0.12 7.13699e-08  0.0344108
0.14 8.98344e-08  0.0446559
0.16 1.24784e-07  0.0558583
0.18 1.80145e-07  0.0679412
0.2 2.51586e-07  0.0808367
0.22 2.98238e-07  0.0944844
0.24 3.53668e-07  0.10883
0.26 4.1105e-07  0.123825
0.28 4.87762e-07  0.139423
0.3 6.87662e-07  0.155583
0.32 7.93792e-07  0.172268
0.34 9.22906e-07  0.189441
0.36 1.05354e-06  0.207071
0.38 1.20089e-06  0.225127
0.4 1.34769e-06  0.24358
0.42 1.50925e-06  0.262403
0.44 1.70287e-06  0.281573
0.46 1.9269e-06  0.301065
0.48 2.12165e-06  0.320858
0.5 2.39674e-06  0.340932
0.52 2.79377e-06  0.361266
0.54 3.38528e-06  0.381845
0.56 4.23595e-06  0.402649
0.58 5.49433e-06  0.423665
0.6 7.47935e-06  0.444875
0.62 8.49573e-06  0.466268
0.64 8.94378e-06  0.487829
0.66 9.53318e-06  0.509547
0.68 1.03768e-05  0.531409
0.7 1.1715e-05  0.553405
0.72 1.38973e-05  0.575525
0.74 1.65281e-05  0.597759
0.76 1.71896e-05  0.620097
0.78 1.80211e-05  0.642533
0.8 1.91283e-05  0.665057
0.82 2.08488e-05  0.687662
0.84 2.36728e-05  0.710342
0.86 2.70473e-05  0.73309
0.88 2.80057e-05  0.7559
0.9 2.91687e-05  0.778766
0.92 3.08374e-05  0.801682
0.94 3.34018e-05  0.824644
0.96 3.76858e-05  0.847648
0.98 3.98279e-05  0.870688
1 4.11251e-05  0.893761
1.02 4.28823e-05  0.916863
1.04 4.56586e-05  0.93999
1.06 5.0244e-05  0.963139
1.08 5.26817e-05  0.986307
1.1 5.42948e-05  1.00949
1.12 5.64315e-05  1.03269
1.14 5.98472e-05  1.0559
1.16 6.4155e-05  1.07911
1.18 6.60573e-05  1.10233
1.2 6.82279e-05  1.12556
1.22 7.12509e-05  1.14879
1.24 7.59693e-05  1.17201
1.26 7.90495e-05  1.19524
1.28 8.12904e-05  1.21846
1.3 8.41503e-05  1.24168
1.32 8.86287e-05  1.2649
1.34 9.19584e-05  1.2881
1.36 9.44146e-05  1.3113
1.38 9.74727e-05  1.33448
1.4 0.000102305  1.35766
1.42 0.000105928  1.38082
1.44 0.000108714  1.40397
1.46 0.00011207  1.42711
1.48 0.000116712  1.45023
1.5 0.000119662  1.47334
1.52 0.000122525  1.49643
1.54 0.000126488  1.5195
1.56 0.000130243  1.54255
1.58 0.00013307  1.56559
1.6 0.000136477  1.5886
1.62 0.000141026  1.6116
1.64 0.000144245  1.63458
1.66 0.000147345  1.65753
1.68 0.000151171  1.68046
1.7 0.000154301  1.70337
1.72 0.000157177  1.72625
1.74 0.000160747  1.74911
1.76 0.000163886  1.77195
1.78 0.000166696  1.79476
1.8 0.000170029  1.81755
1.82 0.000172996  1.84031
1.84 0.000175535  1.86304
1.86 0.000178587  1.88574
1.88 0.000181624  1.90842
1.9 0.000184184  1.93107
1.92 0.000187093  1.95368
1.94 0.000189676  1.97627
1.96 0.000191682  1.99883
1.98 0.000194549  2.02135
2 0.000196976  2.04385
2.02 0.000198961  2.06631
2.04 0.000201675  2.08873
2.06 0.00020376  2.11112
2.08 0.000205646  2.13348
2.1 0.000208857  2.1558
2.12 0.00021154  2.17809
2.14 0.000213809  2.20034
2.16 0.000216573  2.22254
2.18 0.000219504  2.24471
2.2 0.00022272  2.26685
2.22 0.000225594  2.28894
2.24 0.000227755  2.31098
2.26 0.000230302  2.33299
2.28 0.000232514  2.35495
2.3 0.000234396  2.37687
2.32 0.000237368  2.39874
2.34 0.000239518  2.42057
2.36 0.000241736  2.44235
2.38 0.0002452  2.46408
2.4 0.000249863  2.48576
2.42 0.000255984  2.50739
2.44 0.000258489  2.52897
2.46 0.00026167  2.5505
2.48 0.000267145  2.57198
2.5 0.000270765  2.59339
2.52 0.000273811  2.61476
2.54 0.000279087  2.63606
2.56 0.000285265  2.65731
2.58 0.00028841  2.6785
2.6 0.000292925  2.69962
2.62 0.000297099  2.72069
2.64 0.000300491  2.74169
2.66 0.000304479  2.76262
2.68 0.000307983  2.78349
2.7 0.000311835  2.80429
2.72 0.000317624  2.82503
2.74 0.000321973  2.84569
2.76 0.000325848  2.86628
2.78 0.000331453  2.88679
2.8 0.000335852  2.90724
2.82 0.000339872  2.9276
2.84 0.000345274  2.94789
2.86 0.000349309  2.9681
2.88 0.000353645  2.98822
2.9 0.000359446  3.00827
2.92 0.000363554  3.02823
2.94 0.000368198  3.04811
2.96 0.00037405  3.0679
2.98 0.000378329  3.0876
3 0.00038327  3.1072
3.02 0.000389246  3.12672
3.04 0.000393697  3.14615
3.06 0.000398795  3.16547
3.08 0.000405319  3.18471
3.1 0.00041055  3.20384
3.12 0.000415508  3.22287
3.14 0.000421871  3.2418
3.16 0.000427264  3.26063
3.18 0.000432133  3.27935
3.2 0.000438453  3.29797
3.22 0.000443839  3.31647
3.24 0.000448698  3.33487
3.26 0.000454921  3.35315
3.28 0.000462181  3.37132
3.3 0.000467147  3.38938
3.32 0.000473003  3.40731
3.34 0.000479702  3.42513
3.36 0.000484373  3.44283
3.38 0.000489965  3.4604
3.4 0.000496301  3.47785
3.42 0.000500833  3.49518
3.44 0.000505918  3.51238
3.46 0.000512429  3.52944
3.48 0.000517735  3.54638
3.5 0.000522454  3.56319
3.52 0.000528419  3.57986
3.54 0.000533313  3.59639
3.56 0.000537647  3.61279
3.58 0.000543202  3.62904
3.6 0.00054779  3.64516
3.62 0.000551692  3.66113
3.64 0.000556821  3.67696
3.66 0.000561034  3.69265
3.68 0.000564644  3.70818
3.7 0.000569376  3.72357
3.72 0.000575034  3.73881
3.74 0.000578644  3.75389
3.76 0.000582906  3.76882
3.78 0.000587958  3.78359
3.8 0.000591258  3.79821
3.82 0.000595119  3.81267
3.84 0.000599506  3.82697
3.86 0.000602464  3.84111
3.88 0.000605877  3.85508
3.9 0.000609763  3.86889
3.92 0.000612342  3.88253
3.94 0.000615424  3.89601
3.96 0.000618847  3.90932
3.98 0.000620977  3.92245
4 0.000623477  3.93542
4.02 0.000626372  3.94821
4.04 0.000628139  3.96083
4.06 0.000630324  3.97327
4.08 0.000633386  3.98554
4.1 0.000635908  3.99762
4.12 0.000637672  4.00953
4.14 0.000640153  4.02126
4.16 0.000642297  4.0328
4.18 0.000643878  4.04416
4.2 0.000645962  4.05534
4.22 0.000647887  4.06633
4.24 0.000649145  4.07713
4.26 0.000651086  4.08774
4.28 0.00065377  4.09817
4.3 0.000654927  4.1084
4.32 0.000656733  4.11845
4.34 0.000659133  4.1283
4.36 0.000660343  4.13796
4.38 0.000662005  4.14742
4.4 0.000664123  4.15669
4.42 0.000665199  4.16576
4.44 0.000666812  4.17464
4.46 0.000669333  4.18331
4.48 0.000671391  4.19179
4.5 0.000672909  4.20007
4.52 0.00067505  4.20815
4.54 0.000677556  4.21602
4.56 0.00067907  4.2237
4.58 0.000680978  4.23117
4.6 0.000683283  4.23844
4.62 0.00068464  4.2455
4.64 0.000686205  4.25236
4.66 0.000688335  4.25901
4.68 0.000691299  4.26546
4.7 0.000693685  4.2717
4.72 0.000695796  4.27774
4.74 0.000697393  4.28357
4.76 0.000698648  4.28919
4.78 0.000699967  4.2946
4.8 0.000701658  4.29981
4.82 0.000703779  4.30481
4.84 0.000706436  4.30959
4.86 0.000708427  4.31417
4.88 0.000710336  4.31854
4.9 0.000711951  4.3227
4.92 0.00071329  4.32666
4.94 0.000714655  4.3304
4.96 0.00071614  4.33393
4.98 0.000718039  4.33726
5 0.000720435  4.34037
5.02 0.000722226  4.34328
5.04 0.000723854  4.34597
5.06 0.000725217  4.34846
5.08 0.000726393  4.35074
5.1 0.000727445  4.35281
5.12 0.000728558  4.35468
5.14 0.000729838  4.35633
5.16 0.000731329  4.35778
5.18 0.000733093  4.35903
5.2 0.000735072  4.36006
5.22 0.000737274  4.36089
5.24 0.000739663  4.36152
5.26 0.000742263  4.36194
5.28 0.000745044  4.36215
5.3 0.000747914  4.36216
5.32 0.000750803  4.36197
5.34 0.000753681  4.36158
5.36 0.000756578  4.36099
5.38 0.000759533  4.36019
5.4 0.000762589  4.3592
5.42 0.000765738  4.358
5.44 0.000768963  4.35661
5.46 0.000772227  4.35502
5.48 0.000775454  4.35323
5.5 0.000778625  4.35125
5.52 0.000781775  4.34908
5.54 0.000785001  4.34671
5.56 0.000788429  4.34415
5.58 0.00079213  4.3414
5.6 0.000796115  4.33845
5.62 0.000800316  4.33532
5.64 0.000804097  4.332
5.66 0.000807827  4.32849
5.68 0.000811565  4.3248
5.7 0.000814756  4.32092
5.72 0.00081757  4.31686
5.74 0.000820317  4.31262
5.76 0.000823105  4.30819
5.78 0.000825803  4.30359
5.8 0.000828547  4.2988
5.82 0.000831123  4.29384
5.84 0.000833703  4.2887
5.86 0.000836073  4.28339
5.88 0.000838374  4.2779
5.9 0.00084056  4.27225
5.92 0.000842742  4.26642
5.94 0.000844867  4.26042
5.96 0.000846985  4.25425
5.98 0.000849107  4.24792
6 0.000851235  4.24143
6.02 0.000853356  4.23477
6.04 0.000855523  4.22795
6.06 0.000857737  4.22097
6.08 0.000859972  4.21384
6.1 0.000862276  4.20655
6.12 0.00086466  4.1991
6.14 0.000866944  4.19151
6.16 0.000869098  4.18376
6.18 0.000871087  4.17587
6.2 0.000873063  4.16784
6.22 0.000875067  4.15965
6.24 0.000876971  4.15133
6.26 0.000878721  4.14287
6.28 0.000880487  4.13427
6.3 0.000882312  4.12553
6.32 0.000884179  4.11666
6.34 0.000885817  4.10765
6.36 0.000887451  4.09851
6.38 0.000889131  4.08925
6.4 0.000890682  4.07986
6.42 0.00089228  4.07034
6.44 0.000893941  4.0607
6.46 0.000895479  4.05094
6.48 0.000896983  4.04105
6.5 0.000898477  4.03106
6.52 0.000899969  4.02095
6.54 0.000901428  4.01072
6.56 0.000902828  4.00039
6.58 0.000904115  3.98995
6.6 0.00090537  3.9794
6.62 0.000906637  3.96875
6.64 0.000907884  3.95801
6.66 0.000909101  3.94717
6.68 0.000910276  3.93623
6.7 0.000911367  3.92521
6.72 0.000912407  3.9141
6.74 0.000913418  3.9029
6.76 0.000914423  3.89163
6.78 0.000915398  3.88028
6.8 0.000916384  3.86886
6.82 0.000917383  3.85737
6.84 0.000918328  3.84581
6.86 0.000919251  3.8342
6.88 0.000920084  3.82252
6.9 0.000920898  3.8108
6.92 0.000921719  3.79902
6.94 0.000922545  3.7872
6.96 0.000923348  3.77533
6.98 0.000924122  3.76342
7 0.000924873  3.75149
7.02 0.000925626  3.73952
7.04 0.000926344  3.72752
7.06 0.000927047  3.7155
7.08 0.000927763  3.70346
7.1 0.000928463  3.6914
7.12 0.000929177  3.67932
7.14 0.000929894  3.66724
7.16 0.000930588  3.65515
7.18 0.000931264  3.64306
7.2 0.000931923  3.63096
7.22 0.000932541  3.61886
7.24 0.000933127  3.60677
7.26 0.000933669  3.59468
7.28 0.000934159  3.5826
7.3 0.000934618  3.57052
7.32 0.000935034  3.55846
7.34 0.00093543  3.54641
7.36 0.000935797  3.53437
7.38 0.000936135  3.52235
7.4 0.000936447  3.51034
7.42 0.000936727  3.49835
7.44 0.000936953  3.48637
7.46 0.000937113  3.47441
7.48 0.000937212  3.46247
7.5 0.000937268  3.45054
7.52 0.000937276  3.43864
7.54 0.000937236  3.42675
7.56 0.000937153  3.41488
7.58 0.000937021  3.40302
7.6 0.000936831  3.39118
7.62 0.000936613  3.37936
7.64 0.000936371  3.36755
7.66 0.000936114  3.35575
7.68 0.000935848  3.34397
7.7 0.000935563  3.33221
7.72 0.000935247  3.32046
7.74 0.000934921  3.30872
7.76 0.000934595  3.29699
7.78 0.000934277  3.28527
7.8 0.000933955  3.27357
7.82 0.000933623  3.26187
7.84 0.000933292  3.25018
7.86 0.000932963  3.23851
7.88 0.000932643  3.22684
7.9 0.000932333  3.21518
7.92 0.000932032  3.20353
7.94 0.000931757  3.19189
7.96 0.000931502  3.18025
7.98 0.000931271  3.16862
8 0.000931067  3.157
8.02 0.000930881  3.14539
8.04 0.000930706  3.13379
8.06 0.000930532  3.1222
8.08 0.000930367  3.11061
8.1 0.000930208  3.09903
8.12 0.000930067  3.08746
8.14 0.000929926  3.0759
8.16 0.000929779  3.06435
8.18 0.000929606  3.05281
8.2 0.000929422  3.04128
8.22 0.000929234  3.02976
8.24 0.000929042  3.01825
8.26 0.000928875  3.00675
8.28 0.000928731  2.99526
8.3 0.000928616  2.98379
8.32 0.00092851  2.97232
8.34 0.000928399  2.96086
8.36 0.00092828  2.94942
8.38 0.000928157  2.93798
8.4 0.000928043  2.92656
8.42 0.000927917  2.91514
8.44 0.000927815  2.90373
8.46 0.00092772  2.89233
8.48 0.000927622  2.88093
8.5 0.000927527  2.86954
8.52 0.000927463  2.85815
8.54 0.000927375  2.84677
8.56 0.000927296  2.83538
8.58 0.000927239  2.824
8.6 0.0009272  2.81262
8.62 0.00092716  2.80123
8.64 0.00092714  2.78984
8.66 0.000927132  2.77844
8.68 0.000927125  2.76704
8.7 0.000927112  2.75563
8.72 0.000927082  2.7442
8.74 0.000927032  2.73277
8.76 0.000926984  2.72132
8.78 0.00092694  2.70986
8.8 0.000926909  2.69838
8.82 0.000926887  2.68688
8.84 0.000926871  2.67537
8.86 0.000926843  2.66384
8.88 0.000926804  2.65228
8.9 0.000926736  2.64071
8.92 0.000926642  2.62912
8.94 0.000926531  2.6175
8.96 0.000926395  2.60586
8.98 0.000926245  2.59419
9 0.000926079  2.5825
9.02 0.000925904  2.57079
9.04 0.00092574  2.55906
9.06 0.000925572  2.5473
9.08 0.000925402  2.53552
9.1 0.000925223  2.52372
9.12 0.000925025  2.51189
9.14 0.000924812  2.50005
9.16 0.000924577  2.48818
9.18 0.00092433  2.4763
9.2 0.00092407  2.4644
9.22 0.00092379  2.45248
9.24 0.000923494  2.44055
9.26 0.000923176  2.42861
9.28 0.000922836  2.41666
9.3 0.000922466  2.40471
9.32 0.000922068  2.39275
9.34 0.000921663  2.38079
9.36 0.000921234  2.36883
9.38 0.000920785  2.35688
9.4 0.000920342  2.34494
9.42 0.000919895  2.33302
9.44 0.000919455  2.32111
9.46 0.000919034  2.30922
9.48 0.000918611  2.29736
9.5 0.000918188  2.28553
9.52 0.000917778  2.27374
9.54 0.000917365  2.26199
9.56 0.000916955  2.25028
9.58 0.000916551  2.23863
9.6 0.000916151  2.22703
9.62 0.000915755  2.21549
9.64 0.000915364  2.20403
9.66 0.000914977  2.19264
9.68 0.000914592  2.18134
9.7 0.000914207  2.17012
9.72 0.000913836  2.159
9.74 0.000913484  2.14798
9.76 0.000913163  2.13707
34.22 0.0103544  1.41496
34.24 0.0103543  1.41397
34.26 0.0103541  1.41302
34.28 0.0103539  1.4121
34.3 0.0103537  1.41121
34.32 0.0103535  1.41036
34.34 0.0103534  1.40954
34.36 0.0103532  1.40875
34.38 0.010353  1.40799
34.4 0.0103528  1.40727
34.42 0.0103526  1.40657
34.44 0.0103525  1.40591
34.46 0.0103523  1.40528
34.48 0.0103522  1.40469
34.5 0.010352  1.40412
34.52 0.0103519  1.40358
34.54 0.0103518  1.40308
34.56 0.0103516  1.4026
34.58 0.0103515  1.40216
34.6 0.0103514  1.40175
34.62 0.0103512  1.40136
34.64 0.0103511  1.40101
34.66 0.0103509  1.40068
34.68 0.0103508  1.40039
34.7 0.0103506  1.40012
34.72 0.0103504  1.39989
34.74 0.0103502  1.39968
34.76 0.0103499  1.3995
34.78 0.0103497  1.39935
34.8 0.0103494  1.39923
34.82 0.0103492  1.39913
34.84 0.0103489  1.39907
34.86 0.0103487  1.39903
34.88 0.0103484  1.39902
34.9 0.0103481  1.39904
34.92 0.0103478  1.39908
34.94 0.0103475  1.39915
34.96 0.0103472  1.39925
34.98 0.0103469  1.39938
35 0.0103466  1.39953
35.02 0.0103463  1.39971
35.04 0.010346  1.39992
35.06 0.0103457  1.40015
35.08 0.0103453  1.40041
35.1 0.010345  1.4007
35.12 0.0103447  1.40101
35.14 0.0103443  1.40135
35.16 0.010344  1.40171
35.18 0.0103436  1.4021
35.2 0.0103433  1.40252
35.22 0.010343  1.40296
35.24 0.0103427  1.40342
35.26 0.0103424  1.40391
35.28 0.0103422  1.40443
35.3 0.0103419  1.40497
35.32 0.0103417  1.40554
35.34 0.0103415  1.40613
35.36 0.0103413  1.40674
35.38 0.0103411  1.40738
35.4 0.0103409  1.40805
35.42 0.0103407  1.40873
35.44 0.0103405  1.40945
