1	0	0
1	1	0
1	2	0
1	3	0
1	4	0
1	5	0
1	6	0
1	7	0
1	8	0
1	9	0
1	10	0
1	11	0
1	12	0
1	13	0
1	14	0
1	15	0
1	16	0
1	17	0
1	18	0
1	19	(41.72195013017618-3.700743415417188e-17j)
1	20	(81.42255277473933+4.440892098500626e-16j)
1	21	(39.661085808096495-2.9605947323337506e-16j)
1	22	0
1	23	0
1	24	0
1	25	0
1	26	0
1	27	0
1	28	0
1	29	0
1	30	0
1	31	0
1	32	0
1	33	0
1	34	0
1	35	0
1	36	0
1	37	0
1	38	0
1	39	0
1	40	0
2	0	0
2	1	0
2	2	0
2	3	0
2	4	0
2	5	0
2	6	0
2	7	0
2	8	0
2	9	0
2	10	0
2	11	0
2	12	0
2	13	0
2	14	0
2	15	0
2	16	0
2	17	0
2	18	(8.480720438083958+0j)
2	19	(39.36914147039229-4.440892098500626e-16j)
2	20	(81.42255277473937-3.9474596431116675e-16j)
2	21	(39.36914147039228-1.4802973661668753e-16j)
2	22	(9.8592788270334-2.7755575615628914e-17j)
2	23	0
2	24	0
2	25	0
2	26	0
2	27	0
2	28	0
2	29	0
2	30	0
2	31	0
2	32	0
2	33	0
2	34	0
2	35	0
2	36	0
2	37	0
2	38	0
2	39	0
2	40	0
3	0	0
3	1	0
3	2	0
3	3	0
3	4	0
3	5	0
3	6	0
3	7	0
3	8	0
3	9	0
3	10	0
3	11	0
3	12	0
3	13	0
3	14	0
3	15	0
3	16	0
3	17	(8.480720438083987+9.25185853854297e-18j)
3	18	(8.929178306306522-9.868649107779169e-17j)
3	19	(14.308922357153776+0j)
3	20	(81.4225527747398+8.77213254024815e-17j)
3	21	(14.30892235715377-6.579099405186112e-17j)
3	22	(8.929178306306524-9.868649107779169e-17j)
3	23	(9.85927882703343+6.1679056923619804e-18j)
3	24	0
3	25	0
3	26	0
3	27	0
3	28	0
3	29	0
3	30	0
3	31	0
3	32	0
3	33	0
3	34	0
3	35	0
3	36	0
3	37	0
3	38	0
3	39	0
3	40	0
4	0	0
4	1	0
4	2	0
4	3	0
4	4	0
4	5	0
4	6	0
4	7	0
4	8	0
4	9	0
4	10	0
4	11	0
4	12	0
4	13	0
4	14	0
4	15	0
4	16	(8.480720438084004-4.11193712824132e-18j)
4	17	(8.929178306306552-6.579099405186112e-17j)
4	18	0
4	19	(14.308922357153774-1.3158198810372225e-16j)
4	20	(81.42255277473983+0j)
4	21	(14.308922357153769+2.05596856412066e-17j)
4	22	0
4	23	(8.929178306306554-6.579099405186112e-17j)
4	24	(9.85927882703345+4.11193712824132e-18j)
4	25	0
4	26	0
4	27	0
4	28	0
4	29	0
4	30	0
4	31	0
4	32	0
4	33	0
4	34	0
4	35	0
4	36	0
4	37	0
4	38	0
4	39	0
4	40	0
5	0	0
5	1	0
5	2	0
5	3	0
5	4	0
5	5	0
5	6	0
5	7	0
5	8	0
5	9	0
5	10	0
5	11	0
5	12	0
5	13	0
5	14	0
5	15	(8.48072043808402-2.741291418827547e-18j)
5	16	(8.92917830630657+0j)
5	17	0
5	18	0
5	19	(14.308922357153834+5.848088360165434e-17j)
5	20	(81.42255277474023-4.678470688132346e-16j)
5	21	(14.308922357153826+5.848088360165434e-17j)
5	22	0
5	23	0
5	24	(8.929178306306573+0j)
5	25	(9.85927882703347-1.3706457094137734e-17j)
5	26	0
5	27	0
5	28	0
5	29	0
5	30	0
5	31	0
5	32	0
5	33	0
5	34	0
5	35	0
5	36	0
5	37	0
5	38	0
5	39	0
5	40	0
6	0	0
6	1	0
6	2	0
6	3	0
6	4	0
6	5	0
6	6	0
6	7	0
6	8	0
6	9	0
6	10	0
6	11	0
6	12	0
6	13	0
6	14	(8.480720438084038+7.310110450206793e-18j)
6	15	(8.92917830630659+0j)
6	16	0
6	17	0
6	18	0
6	19	(14.308922357153826-1.1696176720330868e-16j)
6	20	(81.42255277474025-1.5594902293774489e-16j)
6	21	(14.308922357153826+1.0965165675310189e-17j)
6	22	0
6	23	0
6	24	0
6	25	(8.929178306306591-1.1696176720330868e-16j)
6	26	(9.859278827033492-7.310110450206793e-18j)
6	27	0
6	28	0
6	29	0
6	30	0
6	31	0
6	32	0
6	33	0
6	34	0
6	35	0
6	36	0
6	37	0
6	38	0
6	39	0
6	40	0
7	0	0
7	1	0
7	2	0
7	3	0
7	4	0
7	5	0
7	6	0
7	7	0
7	8	0
7	9	0
7	10	0
7	11	0
7	12	0
7	13	(8.480720438084054+2.436703483402264e-18j)
7	14	(8.929178306306605+0j)
7	15	0
7	16	0
7	17	0
7	18	0
7	19	(14.308922357153886+0j)
7	20	(81.42255277474067+4.851747380285397e-16j)
7	21	(14.30892235715388-2.5991503822957482e-17j)
7	22	0
7	23	0
7	24	0
7	25	0
7	26	(8.929178306306609+0j)
7	27	(9.859278827033508-2.436703483402264e-18j)
7	28	0
7	29	0
7	30	0
7	31	0
7	32	0
7	33	0
7	34	0
7	35	0
7	36	0
7	37	0
7	38	0
7	39	0
7	40	0
8	0	0
8	1	0
8	2	0
8	3	0
8	4	0
8	5	0
8	6	0
8	7	0
8	8	0
8	9	0
8	10	0
8	11	0
8	12	(8.48072043808407+0j)
8	13	(8.929178306306623+1.5594902293774489e-16j)
8	14	0
8	15	0
8	16	0
8	17	0
8	18	0
8	19	(14.30892235715388+0j)
8	20	(81.42255277474067-6.931067686121996e-17j)
8	21	(14.308922357153879-4.548513169017559e-17j)
8	22	0
8	23	0
8	24	0
8	25	0
8	26	0
8	27	(8.929178306306628+1.0396601529182993e-16j)
8	28	(9.859278827033528+9.746813933609055e-18j)
8	29	0
8	30	0
8	31	0
8	32	0
8	33	0
8	34	0
8	35	0
8	36	0
8	37	0
8	38	0
8	39	0
8	40	0
9	0	0
9	1	0
9	2	0
9	3	0
9	4	0
9	5	0
9	6	0
9	7	0
9	8	0
9	9	0
9	10	0
9	11	(8.48072043808409-1.0829793259565618e-17j)
9	12	(8.929178306306643+0j)
9	13	0
9	14	0
9	15	0
9	16	0
9	17	0
9	18	0
9	19	(14.308922357153941+9.241423581495993e-17j)
9	20	(81.42255277474108-6.160949054330662e-17j)
9	21	(14.308922357153937+4.043122816904497e-17j)
9	22	0
9	23	0
9	24	0
9	25	0
9	26	0
9	27	0
9	28	(8.929178306306646-6.931067686121996e-17j)
9	29	(9.859278827033547+8.663834607652494e-18j)
9	30	0
9	31	0
9	32	0
9	33	0
9	34	0
9	35	0
9	36	0
9	37	0
9	38	0
9	39	0
9	40	0
10	0	0
10	1	0
10	2	0
10	3	0
10	4	0
10	5	0
10	6	0
10	7	0
10	8	0
10	9	0
10	10	(8.480720438084104+5.775889738434996e-18j)
10	11	(8.92917830630666-4.6207117907479966e-17j)
10	12	0
10	13	0
10	14	0
10	15	0
10	16	0
10	17	0
10	18	0
10	19	(14.308922357153936+0j)
10	20	(81.4225527747411-6.160949054330662e-17j)
10	21	(14.308922357153932+1.2129368450713491e-16j)
10	22	0
10	23	0
10	24	0
10	25	0
10	26	0
10	27	0
10	28	0
10	29	(8.929178306306662+0j)
10	30	(9.859278827033567+5.775889738434996e-18j)
10	31	0
10	32	0
10	33	0
10	34	0
10	35	0
10	36	0
10	37	0
10	38	0
10	39	0
10	40	0
11	0	0
11	1	0
11	2	0
11	3	0
11	4	0
11	5	0
11	6	0
11	7	0
11	8	0
11	9	(8.480720438084122+7.701186317913328e-18j)
11	10	(8.92917830630668-6.160949054330662e-17j)
11	11	0
11	12	0
11	13	0
11	14	0
11	15	0
11	16	0
11	17	0
11	18	0
11	19	(14.308922357153994-8.21459873910755e-17j)
11	20	(81.4225527747415-5.4763991594050335e-17j)
11	21	(14.308922357153993-4.107299369553775e-17j)
11	22	0
11	23	0
11	24	0
11	25	0
11	26	0
11	27	0
11	28	0
11	29	0
11	30	(8.929178306306682-1.2321898108661324e-16j)
11	31	(9.859278827033584+1.5402372635826655e-17j)
11	32	0
11	33	0
11	34	0
11	35	0
11	36	0
11	37	0
11	38	0
11	39	0
11	40	0
12	0	0
12	1	0
12	2	0
12	3	0
12	4	0
12	5	0
12	6	0
12	7	0
12	8	(8.480720438084138-2.5670621059711094e-18j)
12	9	(8.929178306306696-8.21459873910755e-17j)
12	10	0
12	11	0
12	12	0
12	13	0
12	14	0
12	15	0
12	16	0
12	17	0
12	18	0
12	19	(14.308922357153993+8.21459873910755e-17j)
12	20	(81.42255277474152-2.7381995797025166e-16j)
12	21	(14.308922357153989+2.5157208638516874e-16j)
12	22	0
12	23	0
12	24	0
12	25	0
12	26	0
12	27	0
12	28	0
12	29	0
12	30	0
12	31	(8.9291783063067+0j)
12	32	(9.859278827033604+1.0268248423884438e-17j)
12	33	0
12	34	0
12	35	0
12	36	0
12	37	0
12	38	0
12	39	0
12	40	0
13	0	0
13	1	0
13	2	0
13	3	0
13	4	0
13	5	0
13	6	0
13	7	(8.480720438084157-1.3690997898512584e-17j)
13	8	(8.929178306306717+0j)
13	9	0
13	10	0
13	11	0
13	12	0
13	13	0
13	14	0
13	15	0
13	16	0
13	17	0
13	18	0
13	19	(14.308922357154053+0j)
13	20	(81.42255277474192-1.947164145566234e-16j)
13	21	(14.308922357154048+1.5972830881598015e-16j)
13	22	0
13	23	0
13	24	0
13	25	0
13	26	0
13	27	0
13	28	0
13	29	0
13	30	0
13	31	0
13	32	(8.929178306306715+0j)
13	33	(9.859278827033622+0j)
13	34	0
13	35	0
13	36	0
13	37	0
13	38	0
13	39	0
13	40	0
14	0	0
14	1	0
14	2	0
14	3	0
14	4	0
14	5	0
14	6	(8.480720438084171+4.563665966170861e-18j)
14	7	(8.929178306306733+0j)
14	8	0
14	9	0
14	10	0
14	11	0
14	12	0
14	13	0
14	14	0
14	15	0
14	16	0
14	17	0
14	18	0
14	19	(14.308922357154048+7.301865545873378e-17j)
14	20	(81.42255277474194+4.867910363915585e-17j)
14	21	(14.308922357154046+2.0536496847768876e-16j)
14	22	0
14	23	0
14	24	0
14	25	0
14	26	0
14	27	0
14	28	0
14	29	0
14	30	0
14	31	0
14	32	0
14	33	(8.929178306306733-7.301865545873378e-17j)
14	34	(9.859278827033641+6.845498949256292e-18j)
14	35	0
14	36	0
14	37	0
14	38	0
14	39	0
14	40	0
15	0	0
15	1	0
15	2	0
15	3	0
15	4	0
15	5	(8.48072043808419+6.0848879548944815e-18j)
15	6	(8.929178306306751+0j)
15	7	0
15	8	0
15	9	0
15	10	0
15	11	0
15	12	0
15	13	0
15	14	0
15	15	0
15	16	0
15	17	0
15	18	0
15	19	(14.308922357154108-1.2981094303774894e-16j)
15	20	(81.42255277474234+8.654062869183262e-17j)
15	21	(14.3089223571541-4.056591969929654e-18j)
15	22	0
15	23	0
15	24	0
15	25	0
15	26	0
15	27	0
15	28	0
15	29	0
15	30	0
15	31	0
15	32	0
15	33	0
15	34	(8.929178306306751+0j)
15	35	(9.85927882703366+6.0848879548944815e-18j)
15	36	0
15	37	0
15	38	0
15	39	0
15	40	0
16	0	0
16	1	0
16	2	0
16	3	0
16	4	(8.480720438084205+2.028295984964827e-18j)
16	5	(8.92917830630677-1.2981094303774894e-16j)
16	6	0
16	7	0
16	8	0
16	9	0
16	10	0
16	11	0
16	12	0
16	13	0
16	14	0
16	15	0
16	16	0
16	17	0
16	18	0
16	19	(14.308922357154103-1.2981094303774894e-16j)
16	20	(81.42255277474236-1.7308125738366524e-16j)
16	21	(14.308922357154099-8.924502333845239e-17j)
16	22	0
16	23	0
16	24	0
16	25	0
16	26	0
16	27	0
16	28	0
16	29	0
16	30	0
16	31	0
16	32	0
16	33	0
16	34	0
16	35	(8.929178306306769+1.947164145566234e-16j)
16	36	(9.85927882703368+4.056591969929654e-18j)
16	37	0
16	38	0
16	39	0
16	40	0
17	0	0
17	1	0
17	2	0
17	3	(8.480720438084221-8.113183939859309e-18j)
17	4	(8.929178306306786-2.1635157172958155e-16j)
17	5	0
17	6	0
17	7	0
17	8	0
17	9	0
17	10	0
17	11	0
17	12	0
17	13	0
17	14	0
17	15	0
17	16	0
17	17	0
17	18	0
17	19	(14.308922357154163-5.769375246122175e-17j)
17	20	(81.42255277474275+2.30775009844887e-16j)
17	21	(14.308922357154156+1.8029297644131797e-17j)
17	22	0
17	23	0
17	24	0
17	25	0
17	26	0
17	27	0
17	28	0
17	29	0
17	30	0
17	31	0
17	32	0
17	33	0
17	34	0
17	35	0
17	36	(8.929178306306788+1.7308125738366524e-16j)
17	37	(9.859278827033698-2.7043946466197694e-18j)
17	38	0
17	39	0
17	40	0
18	0	0
18	1	0
18	2	(8.480720438084239-1.8029297644131797e-17j)
18	3	(8.929178306306806+0j)
18	4	0
18	5	0
18	6	0
18	7	0
18	8	0
18	9	0
18	10	0
18	11	0
18	12	0
18	13	0
18	14	0
18	15	0
18	16	0
18	17	0
18	18	0
18	19	(14.308922357154158-1.7308125738366527e-16j)
18	20	(81.42255277474278-7.6925003281629e-17j)
18	21	(14.308922357154154+8.293476916300627e-17j)
18	22	0
18	23	0
18	24	0
18	25	0
18	26	0
18	27	0
18	28	0
18	29	0
18	30	0
18	31	0
18	32	0
18	33	0
18	34	0
18	35	0
18	36	0
18	37	(8.929178306306804-5.769375246122175e-17j)
18	38	(9.85927882703372+0j)
18	39	0
18	40	0
19	0	0
19	1	(8.480720438084255-7.211719057652719e-18j)
19	2	(8.929178306306824+7.6925003281629e-17j)
19	3	0
19	4	0
19	5	0
19	6	0
19	7	0
19	8	0
19	9	0
19	10	0
19	11	0
19	12	0
19	13	0
19	14	0
19	15	0
19	16	0
19	17	0
19	18	0
19	19	(14.308922357154215+0j)
19	20	(81.42255277474318+2.7351112277912534e-16j)
19	21	(14.30892235715421+0j)
19	22	0
19	23	0
19	24	0
19	25	0
19	26	0
19	27	0
19	28	0
19	29	0
19	30	0
19	31	0
19	32	0
19	33	0
19	34	0
19	35	0
19	36	0
19	37	0
19	38	(8.929178306306822-7.6925003281629e-17j)
19	39	(9.859278827033737+4.807812705101812e-18j)
19	40	0
20	0	(8.480720438084271+3.205208470067875e-18j)
20	1	(8.92917830630684-1.02566671042172e-16j)
20	2	0
20	3	0
20	4	0
20	5	0
20	6	0
20	7	0
20	8	0
20	9	0
20	10	0
20	11	0
20	12	0
20	13	0
20	14	0
20	15	0
20	16	0
20	17	0
20	18	0
20	19	(14.308922357154213+0j)
20	20	(81.42255277474324+2.7351112277912534e-16j)
20	21	(14.30892235715421+3.205208470067875e-17j)
20	22	0
20	23	0
20	24	0
20	25	0
20	26	0
20	27	0
20	28	0
20	29	0
20	30	0
20	31	0
20	32	0
20	33	0
20	34	0
20	35	0
20	36	0
20	37	0
20	38	0
20	39	(8.929178306306842+1.02566671042172e-16j)
20	40	(9.859278827033759+0j)
